/gmsl/A2/image_color
/velodyne/front/points
1
16
8 6
65
905 600
20 0
1.1786542642306490e+03 0.0 9.6076981846396905e+02 
0.0 1.1820760126922614e+03 6.0396018498727130e+02
0.0 0.0 1.0
4
-9.4054182703194239e-02 8.6107430907640364e-02 -1.7081566190501285e-01 9.8189903405414572e-02
1920 1208


 for B1(not used)
1.1707609613237755e+03 0.0 9.5862163616971532e+02
0.0 1.1723825387179854e+03 5.9971411431720537e+02
0.0 0.0 1.0 
4
-4.6598367434842448e-02 -7.3981874148607574e-02 5.7383781881631797e-02 -1.6168330046826343e-02
